9 0.00636008 0.667255 0.00978474 0.0275229
0 0.678816 0.781581 0.0200587 0.0359915
2 0.0332681 0.723712 0.0322896 0.0416373
0 0.564335 0.773112 0.0171233 0.0628088
2 0.170254 0.741355 0.0322896 0.0317572
0 0.457926 0.777346 0.0205479 0.0811574
2 0.189579 0.746295 0.0464775 0.037403
2 0.0335127 0.741355 0.0357143 0.0359915
2 0.0919765 0.745589 0.0342466 0.037403
0 0.499022 0.778052 0.0195695 0.0910374
2 0.335616 0.788285 0.0636008 0.062103
2 0.0349804 0.835215 0.0699609 0.140438
2 0.385763 0.800988 0.0719178 0.0564573
